2010150 02 17 18 23 29 30 06
2010149 02 07 08 16 25 30 09
2010148 01 03 07 18 23 27 12
2010147 02 08 15 18 24 30 03
2010146 01 17 18 22 25 32 01
2010145 03 21 24 27 28 31 08
2010144 02 03 08 15 19 21 11
2010143 09 16 18 26 30 31 14
2010142 02 16 18 23 26 27 10
2010141 02 03 07 18 23 27 06

2011001 03 09 20 24 26 32 10 

2011002 06 08 12 17 28 33 05
===================================
red==1,2,3,4,5,6,7,8,9,10,11,12,13,14,15,16,17,18,19,20,21,22,23,24,25,26,27,28,29,30,31,32,33
blue==1,2,3,4,5,6,7,8,9,10,11,12,13,14,15,16
pre==03 09 20 24 26 32 10
===================================

1红球：3,6,12,13,25,31 蓝球:6 和值:90
2红球：7,14,17,20,24,25 蓝球:1 和值:107
3红球：2,12,17,18,25,26 蓝球:12 和值:100
4红球：5,6,15,16,17,33 蓝球:10 和值:92
5红球：3,13,18,24,26,27 蓝球:13 和值:111
6红球：1,7,17,18,26,27 蓝球:2 和值:96
7红球：5,6,16,18,24,27 蓝球:14 和值:96
8红球：5,6,10,12,18,26 蓝球:5 和值:77
9红球：11,13,18,19,21,24 蓝球:8 和值:106
10红球：3,8,9,12,15,32 蓝球:3 和值:79
11红球：3,5,6,18,28,30 蓝球:16 和值:90
12红球：8,9,11,12,18,27 蓝球:7 和值:85
13红球：8,15,18,24,30,31 蓝球:11 和值:126
14红球：4,8,18,21,26,27 蓝球:9 和值:104
15红球：3,6,16,22,23,29 蓝球:4 和值:99
16红球：4,5,18,26,28,32 蓝球:15 和值:113


===================================
red==1,2,3,4,5,6,7,8,9,10,11,12,13,14,15,16,17,18,19,20,21,22,23,24,25,26,27,28,29,30,31,32,33
blue==1,2,3,4,5,6,7,8,9,10,11,12,13,14,15,16
pre==06 08 12 17 28 33 05
yilou==7,15,16,18,22,23,27,29
===================================

1红球：2,3,13,18,28,29 蓝球:8 和值:93
2红球：2,10,17,27,28,30 蓝球:10 和值:114
3红球：6,11,12,15,24,27 蓝球:11 和值:95
4红球：3,13,17,19,20,22 蓝球:6 和值:94
5红球：5,6,11,14,27,31 蓝球:4 和值:94
6红球：1,7,16,28,29,30 蓝球:7 和值:111
7红球：5,13,24,25,30,32 蓝球:5 和值:129
8红球：6,10,14,16,28,29 蓝球:9 和值:103
9红球：6,15,16,18,19,32 蓝球:14 和值:106
10红球：3,4,14,26,28,29 蓝球:2 和值:104
11红球：4,6,16,17,19,31 蓝球:16 和值:93
12红球：1,10,16,17,25,30 蓝球:1 和值:99
13红球：3,6,16,17,18,32 蓝球:15 和值:92
14红球：2,6,7,17,18,26 蓝球:13 和值:76
15红球：3,4,12,25,27,28 蓝球:3 和值:99
16红球：2,5,17,21,26,27 蓝球:12 和值:98
